0
32
64
96
128
160
191
223
254
285
316
346
376
406
435
464
492
520
548
575
601
627
652
676
700
723
745
767
788
808
827
846
863
880
896
911
925
938
951
962
972
982
990
998
1004
1010
1014
1018
1020
1022
1023
1022
1020
1018
1014
1010
1004
998
990
982
972
962
951
938
925
911
896
880
863
846
827
808
788
767
745
723
700
676
652
627
601
575
548
520
492
464
435
406
376
346
316
285
254
223
191
160
128
96
64
32
0
-32
-64
-96
-128
-160
-191
-223
-254
-285
-316
-346
-376
-406
-435
-464
-492
-520
-548
-575
-601
-627
-652
-676
-700
-723
-745
-767
-788
-808
-827
-846
-863
-880
-896
-911
-925
-938
-951
-962
-972
-982
-990
-998
-1004
-1010
-1014
-1018
-1020
-1022
-1023
-1022
-1020
-1018
-1014
-1010
-1004
-998
-990
-982
-972
-962
-951
-938
-925
-911
-896
-880
-863
-846
-827
-808
-788
-767
-745
-723
-700
-676
-652
-627
-601
-575
-548
-520
-492
-464
-435
-406
-376
-346
-316
-285
-254
-223
-191
-160
-128
-96
-64
-32